16
19
20
22
16
20
22
25
23
7
15
16
26
25
28
22
21
12
19
18
22
13
19
18
18
22
20
28
25
19
19
25
14
27
13
19
14
26
19
20
24
29
12
28
19
14
23
25
8
18
23
22
23
20
16
20
18
27
17
20
23
22
22
11
21
19
23
17
23
13
17
16
20
26
15
19
17
14
23
23
14
21
27
23
16
16
22
21
20
19
19
19
22
28
20
18
18
22
17
21
13
21
25
26
27
13
20
25
19
28
22
16
10
19
15
14
15
24
18
24
17
19
15
20
16
19
20
19
16
16
20
18
19
16
12
20
28
30
22
13
25
19
29
18
19
17
21
18
19
17
11
26
18
27
18
13
21
16
20
22
18
20
20
17
12
16
13
17
26
27
24
8
17
17
19
15
18
16
24
24
18
18
25
15
13
20
25
17
24
23
17
24
22
22
19
23
20
23
22
22
31
16
26
28
14
21
14
24
19
20
23
18
22
16
23
13
24
18
19
22
23
16
27
18
19
22
15
14
15
13
18
20
19
18
18
19
18
28
17
10
21
21
17
22
12
12
19
12
21
16
22
26
20
17
20
16
