1.8395232609197478
2.1491790977158303
2.1701856624209483
2.26431317046368
2.1726205227177786
2.219549743673525
2.087988218892548
2.4318643295355002
2.2476653527605777
2.136906163701866
1.9995952310862606
1.5778545742725782
2.182870858717422
2.187163560392463
2.9713818206940346
1.7215496786207893
1.710915443598708
2.6557721608055544
2.255523747796076
3.0290171169179416
3.4595306638322825
1.6726763663653799
2.318340093225146
1.5022377102926043
1.6935262479564415
2.0086015652188394
1.5838206164170572
1.4426422396179532
2.211866412551558
2.6514917975498804
1.9195402022658357
2.2995656875112616
2.4815116427689077
1.9154197067775556
1.6654852495568662
1.445119600252923
2.6738732553303066
2.0187902526853634
1.5991940489778074
2.819065897284787
2.081725838418322
2.336340636858637
1.6548954220055805
2.369390232326765
2.674852420023228
2.824467596697531
1.7951489275195627
1.5017601269498186
2.1679085492260697
1.812666300087841
3.231315692026925
1.3826791137318821
1.7031115633068339
3.6681933494310783
1.4096268643637018
1.7168255906594538
2.3797968294460645
2.3118327629731823
2.5649485671490595
2.372046852430856
1.6644562278435444
2.0782365620335383
2.0254653511304923
2.794393292980857
1.617071471656942
1.927213477602038
2.2265218518726044
3.479447657935822
2.0189562678596076
1.3929311872835513
2.474553549517964
1.5198835921731302
2.861186269339953
2.001154521109271
2.8411289204327375
2.385006221360271
1.734411282103963
2.3545339371192426
1.5711670104348059
2.5165968119645754
2.557900934716997
1.8615600655076605
3.0939982482951507
1.6076678147046835
2.73235539824654
1.4723028847150488
2.253839906311015
2.7779971835033166
2.39089741198336
2.107322454890266
2.4751762576167096
1.7513352886059579
2.542639534391242
2.4045297414962477
1.978607248202053
2.59884354942929
1.9999586954118627
1.8333960406299354
2.542257692948823
1.7879911263415238
1.908594670492107
1.5301919869127119
2.6163184813302394
1.9393427282259097
2.303462058118697
2.7317389956577927
1.9589925398017272
1.7990653700334462
1.8010943897383243
1.7004821898659657
2.6812668448769443
2.7777774272872193
2.5275860684575093
2.0340728369112355
2.5514864039566874
2.682802933593649
2.9886062219987934
1.4435036974173272
2.2240952443886215
2.3273932448703363
1.5157235959814557
2.304603973721612
2.930946855345667
1.9752701311196574
2.950745753245968
1.2796306736421457
2.1842734927213883
2.6506989976156206
3.0670455198698505
2.3255176083712286
2.5992102046023433
1.5596354951187834
1.7614401996108313
1.9790664685308172
2.816870697066804
1.655675984455769
1.8696807325634097
1.87237895668315
1.9236692650200382
2.8925405473599426
2.320132942958793
2.506809656333189
1.996101815058097
1.9531965161826292
2.51899146654344
2.0262881785724858
2.6331949185505152
1.8459392583248473
2.878111362321903
1.773595590270844
1.9142541177479018
2.3715210104234075
2.362342473050461
2.5470720117293126
2.5887416038252127
3.3465093250041775
3.0190955037046763
1.4300768809501392
2.2335357290723437
1.8351126444792385
2.425473659547862
2.635435912225745
2.1333984902575764
2.0545140960090293
3.046906003169852
1.8903908451427185
2.1040837583316545
1.699531598972328
2.1409892968756594
3.194165350519711
1.8897337266552654
1.7495523723364954
3.043673785776292
3.297061311904116
3.0818386755032066
1.7724689853466487
3.1373003470718572
2.259153862561874
1.4938040599734563
2.036340169696558
3.079042788983486
3.2403672496401157
2.2947368162840576
2.8920049535732915
2.0072810992083987
2.1947200981569495
2.1576072117598244
2.0206788813569574
2.332151967930031
2.100216081793576
4.105790916396103
1.867420300557825
2.311586352646856
2.105031679218854
2.5181174962915236
2.122475364248686
2.2335255539777563
2.0742895448130696
2.376258020857705
2.3879782917112493
2.33415078986755
2.101521729379641
1.6892323632154387
1.7900467582876445
3.4955835169362786
2.610507022721521
2.944304679521821
3.641837518271558
2.748115042851879
1.737410528471031
2.208242300641672
2.6781516534059904
2.207180001121344
2.878224355038867
2.4688483752578634
1.5560751359862195
2.0061318253082447
2.069658601775899
1.301319162016
2.5669322503726164
2.464830224110159
1.9420674946380245
2.1697449876098176
2.819730734643855
2.080362439976227
1.7398898889127565
2.7264240313516837
3.374312126841488
2.090038236291946
2.024712117284139
2.474135664512943
2.471871072913757
4.063432716634793
2.2926012860406786
2.5873515128726012
3.3400385046766417
2.5767336304532193
3.5033494912756566
1.7859755621369402
1.7361767099958172
2.571290857025133
2.1739896900814983
1.6966199142603955
1.838873351117627
3.7201133388400933
2.154673428666115
1.4225480243127606
1.8981585532663985
2.1792639276741568
3.240429632179371
2.3942938580077
2.0554770123797823
2.589531447107589
2.109483633613962
2.6259791923993134
2.0838727944118887
